22 111 1111111

11111111 (111111 111 11101111, 1111111111 (1111111 ,
1111111111 (111 sesto grado, 1111 per 11111 (11111111 11 11111- ἶ
roni, 1111 111 1111111111111, 111 bosco, e 111 campo 11· =
1111,1111111111111111 111 convengono: 1 per 111111 que·
111 grado lontano dalla 1111111111 (11111 11111 per 1 (11111 1
1111111111111111111 1 111 1111111111 11300 1113111111
111111111111111111, 11111111111111111 75, (11111 1111115
11111111 girone ne assegneromo.

11111111 111 111 (11111 1700 1111111, 111111 11111 super·
11111 11111111111011111111111 1111 1111111111, distribuam
1⁰⁰0 in 111111111111111111111 11 111 1111111111111 11111111
(111111 1111111 700 (11 (1111111111τεὶ 11111111111111111111·
1111 1111111111, 1111 111 1111111111, 1 111 11 pozzo (111
giganfi3 11 11111 (11111111111111, 11111111 11111111 11111
11111111111111 corrispondore 11111111111111111 (111 Poeta
111111 11 11111 1 1111 bolge sono assegnale. 11110111, 1
111 11111 stupore, 1 111111111 opinione (111 1711111111
11111 esser conforme 1111111 11111111101111111 (11 qualo.
11111111,

vovendo dunque venire 1111 (11111111111111,11)111 1111
(111111111111111111 quello 1111 poco 11 [11111111111111 1111
1111 se 11111111111111111 111 maggior larghezza (11 11111-
011111111 1111111 17 1, come (11 111111 stesso si 1111011111
111111111111111111111111111111 11 centro esser miglla 81 g,

Ε11111111111111111111111111 17 1 ᾗ 1111111 per 11111-

· 1111111111 1111111111 11111 111 111111111111111111111111111-
011111111 superficie 01111 11111 1111111700; 11 segulla
dunque 1111111111111111, 111111 1111111111 111111111111, 1111
11111 1111111111 111 11 (11111111111111111111111 (11111 lem
(111 111111, (11111 (11111111 (11 1111111111 (111 1110111111
111111, 111111 11 1111111111 (111111111111 700 (11 11113-
11111111111 1111111111 (11111 1111111 17 33 111 11 1111111700

(1) Qui 11111 edizione (111 811. 011111 incurso 11 111111, 111111111111
100111111 01 700, 111111 1111111111111 1111111111111111 11 (11111111111111111 11111111.

 

