ΑΗυΗθ

Sem ΙΙΙ,

11133113, 03311333.

11133 1133333313 133333 qualche 1333331333 13 333333·

31 331 (13311333 333 1333113313 13133333313, 3 1133 3113311
e 13313 33333 33113 333 333111,31133333111131 131311331-
313113311 11 13113. Va e 113113131 (13311333, 113331 3133 113331,
3 3113 31 33333 che veramente 33311311331133311133 31311131-
11 3 33313 11 3 3333, 3 3113 333313 33331 13 1333 131 333
1133333. 11 (13311333 1133311 333133311 13113313 3133313
3333. 13331333 31 33313 33 3333 333133311 33311 3 33111
131 (13311333 3113 3331 31333333 111133113, 13 quale 33113 1333
13113 3333, 3 111331331331 333 33 13333 333133 3103311310,
311 133113 1331313 13 113113 13 13313, 313 311333 3 31113133·
311 13 3113. Lei 311313 3333313333 promissione 3113 131313
333 3111111313 13 13113 333113 3113 131 311 331333133111113·
pitane gli 333313113, 3131 31 13 3313113333133131133 3333311
33333 13 331333 331333333;131311 33333 1331133 33313 (13
131333, 313 333333333 11 3333111333, 3313 111133113 31313
13 3333131333 11 33333 31313 33333313 13131333. Comana·
[11133113 31 (13311333 3113 3313 3 3333 11 131333, 3 311 1133
3333 331333313 11133113, 3 311 13313311 111333, 3331 13331
3133311 333333311311 quanto 3331 3333113. 111133113 13333
1113333131 (1331133311 33313 33 3 3331111 131333.

83333 lv.
capitano, 1313331133.
11 (13311333 31113313 131333, 1133 3333 333133111133113,

311 13313313 111333. 111333, 3113 311 333 331331313333331101
’3333111333 331333 [11133113 13 3333, 31333 3113 11333133 31

 

