1111 10001111 vrri 01 0111100.

o Signore svesss 111 pensiero verso 11 memoria 101 810100 (1111100,
o oredorsi ohe 10100 meglio 1111001110 11 11100 tempo 000 000 11 solio
o porro 1001101011000010. 100011 00010 10 presa 0100101100011 S. S. di
0 111 110100 11111 11101001 11 11101001 11 00000 10111 Conium 11111110,
0 01011 punio parisino 000 11 8100100 11001 Corio, 010 00 1001 do·
0 0111011, 0 00010010 001 10 S. pietro, dove 11 S. S. 11 11111 11 000·
s 100011, 00110 00010010 010 10 chiese 10110 01000 101 Papa. 0 010 iri·
1 00011 iu 0100 00011100 111’0001001101100; 0001 000 000001 1100 occasione
1 010 001 11 siesse 1 000010011111100111010, 011 1100 qualche irrogo
1 000011110 soora 01101000 soso di buono 0.

10 00111 0000001110οἰ 110100010οο00 10 00010, 010, 10 01000011 11
110010010 1010110οἰ10, 11 Car. 110011011011001000011 1110001101, 10 1111

101 111 11000110, quanio oppresso:
1 Di 0001 1001101011 gii 001100111001111110001 001 1001 discorso

1 10000 001, 000 000 10 01010 rho 00 00 001000001001011000 0110011
o prossims 00111 010110 11 8011110111; 010 ogni 0000 10 000011001-
» 01001 0100000101110 11 v. S. sopra 000110 010 10 00 10001010100110
o 11 Papo ooo 1101110110110011, vi 1101000 1100 inconveniente 011100-
s 010010 (1) 0.

ι’ 100010111000 1001011101 000000110101010 000, 00010111 ss·
goonis 10100 11 1011001 1111110001011000 1110100 11 (11011011 1110100101,
110111 1 101101101011 (110

1 10 00010111101001 11 110 0000101001110000011110111010 11001
s 000110 011 V. E. 01· 001101 in 01110011 10110 0000010, obs si 11000000

s 01100 000 110011111 memoris 11 11111100 11111101 0 011010 000 000010
s verso 000 11 possa 0000000100 11 {ino 010 01 10011001, 00001 001 01-

1 00100011111100111100000, 011 mi 100001000000011101010000111001·
0 111110 01 00111000 10001010 0 0001001 (11000 100100 000011 sin'ors
0000 01 000000 1001111100 110000 1110011010ὶί0. E· 0011 V. 13. 110110
s 0101110010110100000110 11010 10 vesti 0.

1100000010 oppositioni 1100000 11 monumento 000 111 111001 11101-
010011 000110, 0 gii 100101 101 11010010 011010 10001001100111 0010010
100011101010000 1 01010, 0101 001 0100110 (101 Sonti Cotinos 1110111010
00010 00111 010001 011001 11 S. Croos, denominato 11 (11000111 10111001·
risio: 1010 0010 100011100 1001 11 poi 10 010001 11000000101000111000,

010 gii 001 01111 0011110111 00111 0111100010110 000 000001111110 Bo«
10011 001 111111

(i) 1185. 1111, Par. 1, 1000. 1.
(11 11111100101010 10111 0000000101 1000101110ηο 11 11100000.

 

