210 00001000111010

nd avendo, 001 010011 10 10110, 001111οΙ0 1101110110 10 00100011
(10 per 11, 0110 10 010 001 11001011 dn! servo non 10101
10 01011110 1100001101 Signnne. 1010111 1100110111 8101010 1
000 00110111 1010000, 0 quella 1101 110011 n 001 101111 1011-
10111010.

810010 Lxxxn

E 110 0101 [noea 10110111 0011,

Ε 100110111110010110 01011 1 010110111

1110 10011 0111 10 00111, 1 11010010 010011
’ ,10110 110011010010 01101 11111* 011,

Ε 1001111 101 0011010111 101110011

Fra 10011 111 de* 0111111 1110110111

,11111 111111 60011010, 1 11· 1110100.

10101 fin ebbe 11 1000010010 0101110.

011 011011 1000111 0010001010110 101 11011 1111011111 11
11011110 per sentin 01010 0 0111110110 grandina 1000110101
100 11010110110, 000 11011 0011100011 111 100111, 000 11110
0011010 1001011 0 10110110, 000 11011 Δο0011 0110 1100000
111110 111 1111111101 00111110 0110111 111011110 000111, 0
10100111 11 10100, 10110 queste 1011011 11101100010 11001110
001110 0 00 10111110, 0 10 000101001111111110 10 001100
11 00111100110010001001’11111101011100 10110, 111
11100000010.

‹znn'w nuonssclnio

Snnnnn 11

1111011 0100 11010011, 1 0111 1110111
1111110111 00110101 110 000110001
11 1010010010 1· 01111, 01 nonno 1111110
L* 1110110 01001 1011110111 100110 1 1111111.

 

