1130311300 3331033.

11111111) VENTESIMOSECONDO

3111131 15

1,· 3110 11311313 3 1311313 3331113313

111 1133113 30111113 3 13313111113 3111113,
11111103 111· 101301 10133 10 speranza
110111 (10311313 1111 13113 13111113.

3 (lamen

13131111, 01113 3113 (1313333113113130, 11 verbo 1011131311
1133013 3113113311033311113, 3 113111 ὁ 311013, si 1011311101

1013· 3111011 1111111111 1111030 speranza.
, 3111111 51

Non 11313113 113 aqui 303113 3031010
1113113 110333 110311313113 3 11111 303 13111.
Ε 33111311 vi 3333111111111

1110 1111 3133331013 13 113 1011 11311111.

3 11311130

1131011103 33 3011 1111 3111111011
Che son 11311111 01113113 3 1133111311.

331331 118

A! 1111310 1111111111 101 111 311 13 103311
E 3111 duo 110111 13 3313113311 10333.

3 11311130

. E 3111 130 110111 111 3331113311 10333.

 

