311 ore 13111111 ι

1113, 11 31111·13311111317;31131111331311 1311131131·
seron in 111111 111311111131111111311311.

Sonrn 1· 3111331111 1113311313111311311113 un 11131
311311 11313133 13 3 11111113; 3 questo 1 11 33131113 131 113- a
digni e nego 11113 o cur diametro 11111 ao essere 111-
1131113131 1111, 33133 11 e 13113, 13113113333131313111 .
ripn per 111 113313 31313311 1313, 3 1 perio due 13111331
11 13111113 1· 333, 3113 31 3113 11 1333 3313111313.

Da 1133113 3313113 11 13113 3 11113113 131 goloni per 311
3311 13113 131113 3133113, 13 13313 3133313313 11111113 11
11 13113311331311 3113113 11111113 17,11311311313 131 1111 1
1131 133 11113 313 11 1131113113 111, eard 33113 3113 3311331 i
1133331313 3111113 175, intorno 3113131133313 ceminio 111 1
131311 11 distende 333 333 1311113113 11 3 migiio. 1313111111 1
133 maggior diametro 111333 31 31131 3111113 176. Ἰ

1131133113 3313113 333 111311131113 11 13111333 3 133113 Ι
(131 1311311311, 313 1313 13 11 11313113 313113 11111113 (1); 3 11
1133113333311131111111131113 11 ascende 31 primo 33131113 1
313 e 11 111313, 13 331 1131311313331113113131133313313111
31111 331311 3 1311113131 13313 1 33 3113133 3113 1311113313
131 11313113131 nobile 33113113, 3113 s' 1133131133 33331· 13-
1131313133 3113 1133331313, 3 1311131 13 11 131 1311113111
11 33 1311131113313 prato 313 11 33313113 31133311. 13131113
3113111331111 131 11313 13 surgere nnn 1113, 3111113113 1113·
111313 13113 31113 3133313313 3 131113, 11 311331311311111-
3313 11 3111113, 3113113313111111313331 13313331 11111-

- 1113 17,13131111113111311311 questa 1133331313 113113 311

311313 1311113 183,3331311313133311331111 13311313313 11
133331113. 11311313 avendo 1131113 13 1133331313 131 oer-
3113131 11311111 3 31311 1311111 1711, 311131333131333 35,
3113 13313 d 1111 13113 13 1133331313 1313313113131131311,

(i) ,1331131131 1 33133 311313 113113 edizione 1131 Sig. 11111113131111333
di 1113113 3111113 1113113 113 11111113.

 

