222 11111111111111

111, che 11111 111111 figurare 1111 1 1· 11111 11111111.1
questa 11111111111111111 1111111.

Μ1, Sig. Tass0‚ 111111 1111111111 sapessi 11111111-
11111111111111111111111111111111111 11 11111111 11
11111 allegorico. 111111 esse 111111111111 111 minima
ombra d'obbiigo, 11111111111 si 11111111111111111, 111111111·
1111,111111111111111111;1 1111111 111 11 quello pitture, 11
quali. [1111111 1111111111 11 111111111 11 luogo 11111111·
1111 111111111 111 figura 1111111, 1111 111 111 regola 11
,1111111111 111111111, 1111 111111 11 111111, 1 come 1111·
1111111111 11111111111111 11 111111111111111 11111111, 11-
111 111 111111111111111111111111111111111111111 111-

1111111111 11111111 111111,11111 quale 1111 si petriano
11111111111 111111111111111111111 di 111111 11111111 tortuosi,
ignude spiagge, 1111111 111111111111111111111. 111 quanio
di 111111 11111 11 1111111, 1111 1111111111111111111111111111
esser 1111111111 11 1111111, i 1111111 1111 1111111111 11 111-
111, 111 11111111111111111111111 11 1111111111 11 11111111
11 gni, di 111111 11 111111111’111111111111111111111; 11111
11111 poetica 11111111 i piii 111111111111111,1111 11 111111
11111111 11111111, 1 prima 1111111111111 1111111111 per 11·
1111111111 111111111111 ο1111111111111 11111111111 111111,
11111111111111111 1111111111 11 11111111, 1 111111111111
superflue imaginazioni.

811111 xxxvl

Ma 111 1111111111 1111111 11111 1111111 ’
5111111111, ου’ 111 11 mia 1111111 111111
1711111· 111111 11 111 1111 11111 1111,
Ε 111 111 1111· saper 111111 11111111.
111111, 1 111 1 111 111 1111 1111111111111111
1111111 1111111111111 1 11111
E quinci 1 quintii 11 1111111111 111 quita
011111111111, 1 111 1111111111 1111111.

 

