1111111 1111111111 11111. w

111111 1 gli 11111111 11111111 111 11111111111111111111111
posi: di questo 11111111 pure 11 11 man (111111 11 decim
11111, 111111111 111111 11 111111 11111, (111 (11111 (111111
una 11111, 1111111111 1111111111111111111 (11 sb 11 palude
Slige.

Per questo fossato (1111111111 1 111111 11 quinto grado,
1111 (111 quarto (1 1111 basso migflu 1111111111 1111111, (11-
111111 11 (1111111111,11111111111 (111 quali contione (111
1111111111 11 palude 81111 larga 1111111137 1. (111111111
1111111 1111 1111111111 1111111111 1111111111, 11111 grim·
111111 sopra, 1 111 1111111111 111111111111111ς1111ο111
1111111111111111 1111111 1111111111 37 1, 1111111111 (1111111-
1111111 1111 superbi: 1’ 11111 11111111 1 11 11111 (11 11111, -
(111111 11 111111, 11111 1’11111111(1111111111,11111 sepulture
111111111111 111111111111 emici: 1111111 11111,1111 111
11111111 111111 1111111 11 1, 1111111111 (11111 1111 (11111
palude 11111 11 111111 (11 111111111111111111111 1111 11- Ι
11111,11111 (11111 11111 1111111 (11 1111 11111, 1111111111
11111, 1111111111111111 11 11 man (111111.

111 questo 111111111111111111111111 111111 11 1111-
111, 1111111 111 11111,(1111111111111 111111 1111111111 1111-
1111111111, diviso 11 111 giruni, 1111111οά111 (111 quali (1
1111 1111111111 (111111 11111111 111111,11111 111111 (11
unguo (11111 1111111111,1111 111111 11111111111111111 1
11111111 11 1111111111, 11 111 1111111111 111111111111111111
(1111111111111111111111111111111111 1111 (111 ungam 111
1111111 111 11111111111 (1111 11111 (11 11111111.11111 111·
11111 111111 1 111 1111111111,11111111 1111 1111111111ιί 11
nodosi 111111, (11111 111 111111 11 111111 {agorde arpie3 1 1
111111111111111 propri beni, e di questi 11 pena (1 1* 11111
(111111111 (11 111111111111111 111111 111 11111 girone, so·
111 111111111111, (1111111111 11111111 1111111 1111111, 1111
1111111 1 11111111 11111, 1111 11111111111111.

Di questi 111 111111 111111111 1111111111 1111 (111111 11

 

