AGGIUNTE

i (333113 3131 (13 331 pubblicum, Goiiieo roceomoodo ii Cocalieri per 13
33113133 11 moicmoiieo oeii'Uniocrriid di deiopeia: e 33113 prima ei 3113
circe od'on incidente, dei (33313 31 iro 3331333 33113 responsiva dei Hor·
3111, do 3331 prodoiio o pop. 151 dci Torreo 11.

illustrissimo Siooore Pori* 1311·ο

11 333 3333 333313 (3333331113 1333333331331 3131313 pensato) iro
333 333313 3 33333 3113 3 3333333 33333333 V. S. 111. 13 contumacia 13
ohe mi 33333 331313 331 11 31133313 11 13313 tempo, 113 13113 (11333133
1’ 1313333 3331333313 3331133333313 333331333, 3 1313 3113 diffidendo
(3333111 3313333 313333331 1313331333 perdono 13113 333 33313313, ancor-
3111313113, ho 3131 33113 presa 13 3333313 33333, 3 3313333311333·
3313 133331313. E 13333133 33333333 13 mia 33331333313331313 per 31331
31 3331 3331113 3333133 3 (1133131311331313 33131 1311113, poiche 33 mise
rabile infortunio, cheron mio 13113113 (131333 131331 333333 31313 uili-2
3333333313 13 me 333313 (313) 3 11 131313 333133 333333 31313 13133, 333
1331331313 3 3131333333331 311 3313111, 31 3 33331333ιὶ 331133 di liben-
mcnic comperire 333311 3 131, 3133 (13113 33333 13113 3313133331 inei·
1333111 333 era 33333333313. 03 lanii, 813. Cerere, 13 3333 13313333
311333313 (13 morie 3 3113 331 3331133 31111113 31 333 331113 3133 333
13333133 311 amici 3 servitori 3331, 3 3333 l’ istesso 11311133 333 antico
3 devotissimo 33333, 3133 3331133313 311 31313333 perdono, 313 supplico
3 333111313313331 13333 3133 311 mi concesse 33113 333 133333 333313,
prontissimo 31 emendare ii 13113 3331333333 333 (333113 3331133333 3133
3113 333 1313133313 1133133111 3133331 1133333331. ’

11 Μ. Rev. Fra 113333331333 (1333313, 11 (33313 333 xonorormi 1133
33333133331313 333 qualche 31313 331 principio dc' 3331 siud] 33313·
3331131,333133133 1133333 13 1311333 11 131 1333111 13 331331311313333111ς
equesio per 331333 333 maggior 11133311 3333333133 1313 313113, 331
(33313331133313333313133133 33313 mirabile. lo, 33 11 31311313 mio
3311 comprendere ii 3333, 3 1311331331333 mia 133333 3331113 313333, 13-
33333333313311313 pochi 13 Archimede 13 (333, 3 13333 31333, 3333331
131333313 13313 3 3331331313 3311131311133333 (13113 3333331313, siccome
13 313333 33333 333 commendo: 3 333 33333 (333313 33313 13 3113 (111-
113113, 3 (333113 33333 13 (33313 1311313 31133 (3313333113113313333331333,
333 ho dubbio 313333 3113 3311 33113 31133, 33331 piri 133111 di (333313,
333313 333 133 3333313 3313313111. Nc 133 331313133 33313 3 Vc S. (333-

’ 3333313 che Ena 313 333 133331313) 333 3313333 3 33313 131133333 3113

13 333 313333 ch’ 3311 3333313331 3 3313313 13113133, (3331331133333313

3113313 131133133133313113 persona 333. Ne mi occorrendo 31133 333
333, 13333 31 mio 33311331333 131333333 3333113331313 3 3333313331 333
133333 313133, 3 3 333111313131 13 333 desideratissima grazia.

111 1113333311 10 Marco 11129.

cicerem 11333333. ·

 

