1011 1111 11110111111110. 3117

Nora 11 (010. 368)

Se Gustaro Arioisc ire 11 §ceria [0111 11111011
11 6111110 111 101010.

’001111 irasc: 1011111111 00111 1111110, 111 viviani 1 11 10111010-
11111 10111 011111110001 11 11101101000011 111011 1111111111 10000111
1111100110111011111 11 (11111110 1110110. 81 credolio piri 1111111 ca·
1110110011110111001 1111111111111111 11 1111101111 11111 10011 10011
1111111111 1111111011 chieri 1011111111133, 01111 1001111 11110 che
11 principe Guamcc 11 801110 1111111111 111 101001 10110 1110 0011111110 011
1110111 111111 11. 3 ma 01111 circ 10 questo luogo 000 11 11101111 benc quel
ι01110010010,11 10111100011011 11110111 10011111111 01011 chauci 111
111101011111111 1 010. 1011110100 111, circ 00111111111111 apocrifa.
011 1110 quanio scrire 00001100101011 11 1101011 1 0101111111
11111 111111 101 1111110111 1 11111111.

a 1 111111111111 110110101οο 111111 0111101010 11100 10111·
1 1010101111 11 11110110111 0111 110010 10111111. ligii nacquc 1111
1 1101111 iiiii: 11 (11111100111111 111011 011 111ος 1 000 111111111
1 001110 11 01011011101101,0111111111 1011 00101111 1001, 001111110·
1101111 10111101101101111001 11 101. 110111011010 810001 1100111 Bi·
1 1111011011101111Ἀιο111011101 11111 10101001 111 00’ 00101001, 1100111

1 1110111011 11 01111010011011.11 1110110110111101110111 paria 000 ’

1 10 11011110 11011011000111110,01110110011101111 011001 11 Er·
1 1110 1111 11 11 811111 11000 111118, 110110 00111100011111010101
1 100 0111110 1100110111 11000, 1 porcia 01111011111 1001 100010
101101001. li 0101101110 110110 11001 111001 1111 1111110 1001111111
1 sverin, 11111 001 001 10000110111111011010101111011111 sigismundo
1 11 11 1010011; 011 11110 ai 111111 011111101111,11111 01011 011 11117.
1 Noa 1 1011101110111 1111001110 Principe (1011110 1110110, 1111110101
1 rarii 01111 10110 11 11101111101000110, 01111111101100001111101111·
1 10111011, 1101111111011111 111011 1.

100100011100 111110 quei libro 11 11110111 11111 1011111 001 ci·
1’110,111111111 ira i codici Gaiiieiani, Par. 1, Τ. 11, 1011 11111110 111
0011100110 11 00101 11 1001111111 1001 111010011 1101111011, diua prin·
1101 8111111 000 11011101 1110111 veruna. Manca 1000010001 01011
1111111, 1 11 101111111 1111010001111110 che 11 1101010 (1011110 110110
1111111 10 111011 111111001111 001110 1110101ος 11010 1111101011 011

 

