1111111 (31111111 111 narra, 11

1 Qui 11 1111111111 111111111111111111111111111111 1111

1 1111111 1111111111 grande 11111 11 Μ11111111 ponar 1111111

1 1111, 11 come 1111111 1111111111111111111[1111111111111111
11 11111 1111 11111111 1111111111111111111111111111(111111

r 11 111111111 11 11111111 1111111 1111, 11 possa 11111111, a

. 111 1111111111111111111 11 1111 1111111; 1 (11111111111111111
111111111 111 1111111111 1111· 111111 [1111111111111111111-
111, cha 1111 11113111 11111 11 11111, 1111111νί 111111 11 11-
111111 per 11 1111111 11111 grotta degli 1111311111,111111-
1111 111111 gran 1111111111 11 mari.

111 1111 11111111111 11 11111111111111111111111 111111-
111111111111.111111(11111 1111111111 11111 11111111 1111111111
111 quella ragione. 111111 di 1111311 11111111 111 111111· ’
11111 per 11 grossezza 11111111 1 11 11111, 1111111 1111111
(1111111111, ma quando a 30 11111111 11 111111 gli 11111 11
1111111111 11 111 braccio, 1 111111111111111111111111 11111-
111111111 sapaudo 111 1111 11111111111 11131111111111111111
di un sol 1111111111 1111111111 1 11111,11111111111111111
11 pia [111111 111111111, 1 11111111 1111111111 quante miglia
11 para [11111 1111111111Ιί aciagurali, 111 11111111111111
111111111111111111111111111, quando 111111 1111111111
111 questa 111 1111111111111 mari importare 100 miglia
((11111111111111111111111111111 grossissima. 1 11111 11111
1111 111 a necessario 1111111111111,

Parmi 1111111111 ragioni possino persuaderer. (111111
111· 1111111111 111111ιί111 1111 11111 1111 111 verosimile
1111111111111111111 111111111111 1111111111, 1 11 meda· x
simo 1111111111 111111 11111111111 11111111111111 11 111
parti. 1 prima 11 11111111 [11111 111 11111111 111 quale 11111-
111 1111 111 para 1111111111111111111111111[11111111111111
1111 11111 esso 111111111111111117711, 1 assando 1111111111
11 11111111111 11 1111 111111,1111111111 1111111111111111111
111 1111111, 1111, 111 1111 11111,11111111111111 sopra (11 giro

1111111111111 largo 1111 1 11 111111111111111111111 11111111,
11111111 6111111. - Τ. XV. 11

 

