11111 1111 1111 1111111111 413

1111111111111111, 11 1111111111 1111 effigiale 11111111111111. ’11111
queste 1111111 111 (1111111 1111111111111111 1111111111111111.11181-
111111111111111111111111111, dai silvestri 11111111111111111 1111111111
1111111111 11 111111111111 nuova 1111111111).

1 Ne! secondo 1111, 1111111111 111111 1111 1111111111, 1111111·
1111111 1111· 1111 1111111111 1111111111111111 1111 (limenio 11 1111111 1111111
su fondo 11111111 : 11111· 11111 111111111, 111111 11 1111111, sono 1111111-
111111 1111111 11111111111111 111 quella.

1 111 1111111111, decorato di 1111111 1111111111 candido 1111111
1111111, 11111 1111111111 1111111111 11 111111, 11 111 11111111 perduc
11111111 11111, 111111 111111 111’ 11111. 111 11111111 1111 111111111111-
1111111111111111111111, due 11111 1111111111, 111111 11111111111111,
1111111111 11111111111111111111111 memoria di 1111111. 11 111 1 ri·
italio 1111111111111111 111111 11111 1111111111111 1111 111111 1111111111·
111111 Valla: 11 quale 111111111111111111111111111 di 1111111111111
1111111111111 Francia, 11111111 gii 1111111111ῑί (11111111 1111 dinanzi 1
1111111111, 111 [11111111 111111, 1111111111, 1111111111, 11111111,
11161111, 1111111, 11111111, 1111111111, 111111, 111111 deca 1111111111
111111111111111111, 111 11111 11111111 1 11111111- 1111111111 1111111
1 11 1111111111111111111 111111111 di quei sommi 11111111 11 111
11111 imaginare 1111 i· 111 11111111 11111, 11 1111111,11Ι11111111111
1111111 sublime) 111111 111 11111111111 11111111 811111 11 1111111-
111111111111 Luca 1111111. -111111 111111 111111 11111 1111111111 11111
(1111111111111111111111111111, 11 11111111, 11 111111111111, 11 11· -
1111; 1 111 1111111111111 11111111111111111111111111 111111111111
111 11111111 1111111111]ὸί 1111 1111111 11111111 della prima egli 111111,
11 111111 11111 111111 soconda 11 1111111,1111111111111111111111111·
1111111111 111111 111 1111111111 111111111111111111, 11 11111111 beni
1111111111111 111111,111111111 111 1111 11111111 vergine 11111111·
11111 11111111111111111 1111 111111.

1111111111 1111111111 111111 1 medaglioni 111 1111 Ballista ΑΙ·
11111, 111111 1111111111 1111111, 1111. 11111111 111111 11111 1 Franco·
1111111111 1111111111 [1.

(1111111111 1111111111111 agii 1111111111 111 resuscitata 1111 111111 111 To·
11111.111111111 Sient e 111111111111111111111111111111 111 1111111 1 1111111
1111111111, 111 11 1111111 11111111 yrafflw. -1. R. silvestri 11 1111111111
11 1111111111 111 11111 1111 11111111 quello impieguto 11111111, 111 11111111
1111 11111111111111 1 11111111111111111111 111 11111111 11111 11111.

(1) ,11111111 111 11111, 1111111111, 11111111 1 (lumbi.

 

