11111 1111111111 11111111111111.

111-11111111111111 111111 1111111111 si 111111111 1111 111111111 1111
11111111111, che 1111 [ine ebbe luogo 111 1737.

1 11111111111111111, 11 quale termini i suoi giomi 111 principio
1 1111111111111111111111.(1111111 per 111111111111111 11111111 111 11111-
1 111111 11111 11111111111111 111111 1111111111, 1111111111 di 1111111, 111
1 11111 11 quale, (1111111111 successore 11111111 1111111111 primogenitura
1 11111111 di 11111 111111 11111111) 11 51111111611. 11111111111111111111·
1 dre 11111 (111111111111111111111111 1111111111 dover erigere 11 111-
1 11111 1111111111 nel 11111111 di S. (11111 di 1111111111111111111 1111111
1 111 (11111111111111, 1111111 del 111111111111111111111 111111111.

1 Ε1111111 11111111 1111111111 11 111111 1111 811111111111111111
1 111 1733,1ρ1111(11111111111, 1111111117111, 111111111111111111 vi·
1 111111111111111,11111111 io 11 1111 pupillam, ii 11111111111111111111
» pervenne 11 1111111111 1111 mia 111111111, 1 111111111111111,1111
1 11111717, 1 miei 111111 11111111111111111111 1111111111 1111 Testa·
1 1111 111 111 erigere 11 111111111, 11 quale 11111111111111 11111 11-
1 111111 111111 111111 (1111111 111 S. Croce 1111111 1111 1111111111 (111111
1111111 1111111111 dei Signori 111 1111111111. 1’1111111111111 1 di
1 1111. 11111111 Poggini3 ii 111111, 1 11 Statua 11111111111111121111111-
n 1111 1111 di Vincenzio di lui flglio‚ 111111111111111111 11 Geome-
1· 1111 ὁ dei sig. 1111111111 11111111. beggoai 111 1111111111 11111111 11
1 11111111 111111ιί1111

GALILAEUS GALILAEUS PATMC. FLOR.
' 1111111111 1111111111 1111111111 11111111 1111111111
111111 1111111 1111 11111111111
111 11111 11111111.
11111 1. 1111111. 11111 1. 1111111111.
1111111111 mma 1111111 11111
1 11111 1111111111 111111 11111 1111 1111111111
1111111111 1 11111111111111111111111111111111 11111111 111111
1111111111 111111 1.
1111111 11. 1111. 1111111111 1111111111. 11111. 1111111111 111111
1111111 111111 11111111
1. 1111111111.

»Quando 111 111111111111 1 111111111111111111111 11 11111111
i 1111111111 1 cadaveri (111(1111111111111111111111 viviani di lui 1111111111.
1 La (1111111111111111111 1111111111 1111 111 11111111, 1 111 ii

 

