118 γ 1111111011

110 110110 001 101310 0000110010, 000 13 010000 101013, 01
110110 11 011011010111110 1311101001011. L’ 101011110010 101
11011010 pare 3 mecho {ermini nel numero 10’101001100011
1011100010, 11 01’ 01 000 comprenda 11111 10 1101111 mco·
011 1’ 00 01000110, 011 1011110110, 013 010 poi 1100010 0113
0000110011 1011011111 1100011 0100 1011111100011, 1011010
100010 0 10110 101110 10110 0100100010, 0 1001’ 01110 po·
1110111 0113 10001 0110 11111 00 11000100011000 010
000101111, 100011 10 quello 0100010111 1 membri 11101101·
1100111111011 0 bellissimi, 0 10 1110111 10011101001 111111
n 1100101111. li 0000100010 010 10 11111010 11 ὸ 11 1111100-
1010 11101 dissimulato 111110 101 100111010001100110 001
11101110 (01010 38 10 line, 1 3110 principio) 000 1110110
11 1101101101101110010, 1011110011 011311οτ0 11 10011
11100101011010 1 13001011, 010 000 0110 111 0001 01 lari
considerazione 110003 11 00010 1111 1100110111,11 1131011,
11 1010111, 11 1000101111, 0 11 0101 11111 condicione 10110010
1 10010110 Ι’ 1110111 1101 11 0310110110110110.

1101110101010 11 001110 1110100110, 1011100 101 100010111110010
001 11100011110 11 1110110 0 11 0111111 11 1101011 01010111, 011010101ὸί
0100111 1000111011 101 Tauro 0101010000 010 00111 pubblicnziono 10111
1001011011 10001111 1010110 3111 0101110111 11 csso. 1011100 10 11101110
10 010001 pochi 100111 11111000 101 11001001010110101000110001111
011 piccioli 10011111 000 10011 1011011 111011. 001011 1101 0111011110
0 00111110 01110, 0111111100ιο 011010 010 11011, 00 opporlnno 11110·
110, 01010 1110110 1011011013 1111100111 1000110111 11111111 10111 111
discorso di 1110100110 loco, 00110110111111000110010 dl 1111001111
110111 11 301011 11001, 111101 0 1010101, 010 10110 1111110 11 11011110,
1111010001011 00011 1110 1111111010 1000111 0 1011111110. 11001111
11 qoesl’ 011010 000010 1’10 10 110110 11110 01110 1011111110 8011101, 0
mi 1000 100111 11111ον11111 01· 01 0000010001011300111011111100 nn 11
sorbilo 111010, 01010οτ0000 00100101001100101110310. 111 caprum
1111011 01111130111011 101 11110, 0 11 011100110110 11000 11000 cu
1110 110111 110111101110110101 ils. 101 11111101 (l). Qui 01110110 111 00·

(li lliporlinmo 001 puro 100110 11010011011010111100110, 010 d diren-
1310 0001111100 1010111111Ιο 10111 100111011110011111111100. (dd Edilon]

 

