6011111111οΝ1

161116 Ι (61116166611611661 6666166616 1666166161 161116 1111

1111656111. 6 72 leggase' 12
1 11 1 7 200 'n 36

1 611 111616 16141157 1 661Ἓο

11 3331115 3οἷἓ6ἐῑοίοὸροωρίὺ n aoffiddpooomeno
1

16116 ΙΙ 1 61116 16 6611611661 666666616 16 66166161 16166 ΙΙΙ)

Pag. 16 lim intredieilibri....scobergio leggau' 16 161Ιί1111 ..666111161ξί6
11 61 linea pemsleima 16111661161166661116661 1812 leggasi 1311.

1316116 1611 dene 166 1611616110161116 6 13 1611111116) 1’16161111 166661616
11116 1161661166, 6161 16161666616 16111166616666.

16166 ΙΙΙ 16111616 6611611661 6666661116 16 61166 161 16166 lV)

111616 11 sus 66 ss 611. 1616 s per 6166 „gu-s 11111616 1616111661.
116666 1611116111 1611616 1111616611ιί 1 16666161611116 1161, 6161 1636 11. 66111.
116111111166 166661 11611161ιί666 (16116 1611611161 1611116 6 011 1111611611 p. 159.

16616 V (6111616 6611611661 661616 16 66166161 161116 1161161

116111 6616 1 1111. 165 1116111116 16116 6116 0111166 mudum 1166 16116 edizione (161
1166116 6116166 in 1116616 661 1616 pei 11111161 (hum 616 1111111111111161111
161 Venturi (111. 11, pag. 99), 1616111611616 1111116 pis 16111 venuti 16 sogni-
11666, 66166 1111111616 1161111111611 pag. v 616111 11111116111111 0111161161.

16166 Vl (61116166611611661116161616 66166 161 161116 116116 6161 Vll)

Pag. 1111 1111. 16 ’1016611 11556161 6016611 ’
11 11 11 18 8116116 11 11116116
11 xv 11 1 10 Aprile 11 11111116

1611161111 16111616 6611611661 66161616 66166 161 16166 stesso) · ’

Δ pug. 7, 116116 6616 1 11111611616161 13 01161116 1636 11 01111611 3111161161,1
da noi opinato 6116 11 161666111ςί6 in 1116611616116 11 cardinale Antonio 16616-
16111161161111111666 vill. 016 11111 1611611 1611161111161616161116661161161
13 1161. 1636 (T. lx, p. 119) appetisse 61161666616 6116 11 1161116111611 quale
0611166111611116111161611616 16166611 01111611 11111616 11 questo nome.

Pag. 155 list. 7 6116116 iamsi· 6116 116616

1 11 1 9 dopo la parola equubili 1116661 quanto 6111111611661166 161166
1’11116611661116,1111 61116 in pensiero 11 11111116 compo·

116 161 6111661116 6616611116
11 11 11 13 E.. leggasl' 11
11 1 11 16 moto 6116611116 11 16616 6116111116 61111611 1616

1 31111616 1 2³8 1 263
161116 xl (61116 16 6611611661 661116 16 66166 161 16166 stesso)

11616111. 1ο 161111166116616611 leggasi della 116111 16616 ·

 

