1111111111111. 11

Gli 1111111111 11 investigare 11111 questo (1111111111) 111111
11111111111111111 11 111111111111111111 1111111 nel 1511111111
11111111 1111111111111 111111 111111 etit, 111111ο111 1111111111
innanzi 111111111111111.111 1 questo 1111111111 11111 presto
111111111111111111111111111 1111111 111 1111111111 1111111111111

. 11 lui mortain 1111 1111111, 1 poi 1111111, 111111111111 ert·-x

1111, nei 1111111111 1 (111»11111111111; 1111 posto 1111 1111111111
che 11 1111111111111111 1111111111 sin dall'origine (11111 mani
(111 1111111 (11111111111111 1111111 1111111, (1 11111 1’ 111111111111
1111 ((11 111111111111111111 1111111111 111111111111, 1111111111
uiui 1111111111 (11 (111111111111111111 11 nomo 1111111111, e
11111111111111111 11 11111111 11111111,111 1 111111 1111111111
’ 111 1111111111 rosseto poi 111111111111111111.

. 111111111111111111111. (11111 1 1111111111 delle 11111111
111111, cos! 11111111 (ι 11111111 1111111 11 quistione (11 1111,1
1 con le 11111111 11111111111111111111111111111 nella (11111111
ιι 1111111 (1),111111111 11 1111111111 (1111111111 1111 quali si (111
1111111111 11111111, non 1111111111 11 prove 111 contrario 11-
1 11111111 1111111111, 1 dopo 1111 (1111111111111 (1111111111-
» 1111111111111ο,11111111, 11111111 a 1111111111 sue 11111111
1 (1 1111 111111 1111111111, 1111111111 del 11111111 111 tutto 1111 ·
1111 11111111111111 (11 1111110111 11 (111111111111, 111

(1) Con questa 1111 11111 111111111111 poten 1 1111111 11 1111111 (11111 tro·
11111 dispensato 111 1111111111 1111111111 pagine oudo giusliflcm 11111111
11111111 1111111 111111111111111111111111111.11111111, 1 dno 1111111, 111111
gia 1 (11111111 11111111 1111111111111111111111 1 non 1111111111111 111111 .
111111 1111111 1111111111 11111111111111111, 11111111 11111, 11 11111111111
11111111 1111111111 11111 111 1111111 in 11111111. 1111111, 11 primo 11111. 1
111111111111111111 11111111111111 11111 influo 1 111, non 1111111 11 mede·
11111 0111111111, 1111111111111111111111111111111 111111 provata 1111
pin 111 rosso 1111111111 1111, 11 (111111 11 111111 1111111111 111111 1111111. M·
1111111111 pm 111111 11 1, 1 questo 1111 11111111 111111111,1111.111111111ο o
11111111111 1111111 111111 11 fosse, gl! 111 1111111111, 11111 per 11111 1111111111
11111111 1111111 1111111, qucum 1111 1111111111 1111111111 111 suo 1111111. ri·
1111111, aomo Ιο 111111 8111111111 1111 benissimo, 1111 11111111 11111111111111
pomona 111111 11111 mente (11 Dante.

 

