1111111 ot 1. 1111111. 319

11 navigat per 13 [0031111100 003 1’ 1110113 01111111 13011111 ’
010110331111103 per 1311111100. E desiderando S. A. 010
13110100110110. 001110 0100011100313 3113 grandem 11 quella
001013, 10110 0011 0101113 resolutione 31111001313,0011101100-
vost 010 11 8111311100, per facilitate 1 0101110110 00310113
310011 flue, 0001011110 3 8031130111 uo 11110 1110011010
trovato, porti grandissimo 1110 0 30001110 110111 navigo·
11000, 13 S. A. 111013111111110 0 custodito 0001011010113; 01 -
0111 1* intenzione d’on 31110 (1110101110 00011310, 001 quate oo·
10131113113 011113 1011311010 0101 0310010 d'uno gatera 1100-
001001 13 10013110 13 (1113111111111110100 1011010“1310011100-
10101, 31131 01111131011111131100 (1010111110, 000 011131 1110110113
013011111010000 t· 000110 111010, 1110113111οεὶ 0011· istesso
1011110000 3111011110 111 00011, 0 potentiosi di 0111310100-
11113 1011310110011031113 13113 propria gotera, 0 io modo

00001131 10111010ου10 010 31111 noo 110 3001001313131111-
03. 113 como per lo 0111 300310111010101100011110111311

10101010, 010 quanto 1000 11 111311ςί011 00010300010, tanto
maggiort 1· 1300111300 101111001111101 1131131Ιο 0 0000111·
10110, dopo (1101113101 11 301011110, 001111 1101111110 10111110

por 1311 300110011 1 1111011111 11 (1110113 0010111 311011101101111 ,

101 0010310 31111010, 000 0113010 010 11813113111001110110
offerto 11 11311011111 0011001101οηιο 10 11110111 0 8111111110
1010 10110 0000110, 003 provvodimooto 11 quanto 311010011-
1100011 1310 1111111013 11 1011010110, 0 0011 targa 0110113 11
1011111110 31100131 (1101011311 1113110311, 0 (130111 010 10101110
10 11310 0001310, 0 11 000101110 1110131000101011 10110 pta·
01310 3 803 1130111 11110011010 11 300311000110 3113 pro·
posto 1010011010. 81301 (tuoque 11· 11111110 00113 Smne,
10113010 poton 8. Α. S. 0 31 8111. 11311100 1101ου110110 11
110011010110 31113 10111 11000111011110 mtgttori.

1013010 10110 (10111010 010 3011111010 001 1118, 0 10 1110-
010 (1110113 010 11 1110 001 101130 11 Scorpione, 010 to pit't
conspicua o 11 011 11133 1111113, 31013 10301010 00011010

 

