3303 annuentem 03033333. 191

131101ιο 31 10330 00010110 30110 11030331οω00, 0 301311 30000
13 30000 10330 303 3131011030 001131031303 0 301 33103 d'un ⁵
301013 3033313311 0031 grande 10330331 Forse 0110 33030
303 330111 3333111 0 3031330110 1331133110 03303130001313 dub·
bia 13 333 3010033, di 30310 0130 3133000 0 0003333310 1’ 0303-
011031033 desiderare di 1113033331 (13 0031 10030 1011101 come
con molta considerazione e 3101131013 31301010 di 1330 da
113310 ed 1333033010, siccome 31 30110 10330310 301 (130-
10 XXXVIII 113113 813033 31 3100 3113 813033 117. Μ3 1101-
130310 033 33313310 quivi 311033, 000 31 333 30003 13110, 31
300 3113, 0033 310003; 0 3303131130 33 3 103331033310130
possa essere eh* ei 313 303 3133301103 31 3330 0030310 10 00

3010, 0 ohe pur 300130 31331130 10330 303 30001133 3103110
offerta.

Ε 30301 0003111 03003 3131 3013011331

11 00311033 de· FraneIi 11 3103130 133110,
L’arme 3311 103130 3 11 3330 0011103310 103110,
E 13 003113103103331 3 3330 003110.

8030113 11131030 d· 3331030030 130300100οι3 30333 13030311-
00003. Quando 303031 fosse (10103010310 di mendara 01· ¹
103130 questo 3331110 3 1101130310, 3 0130 330303110 11333033330
1 1330133311 10 10111 1 31300131 di 1031003 ὲ 33301133103
1333330310οῑ3 30303133 di primo 130010 10110313 (101101331000
3101133331 01011310303 dei 30111. 813003 Iesse, questi ne·
3031 000 31 13311300 13 1311 0003310010010300313 033010-
33. 1033010 11310310 001 13030 011310, 0 3013010 10 03030

0330011 31011303 0 3101131133 3331ος 0 1001130 10333030103
000 3300300303 10 0030 che poi 300 31 13330, consumendo

310000 813030 13 330303 quello 0130 301 000 serve 3 nulla:
013 questo 3 301 e troppo 1330131133οι 10330 0311 333013
questo 10030 3010, 0 000 10 030111 31131, 0 d· 33331 maggior
momento.

 

