333( (3333333333 33333333. 119

N& (1333313 33333( (13 13 3331333,

Se (1333311333 3 333133 3113 3333313.
(113 33 3133313331 (11 tua 333313 11 (1333,
Nostra 333133 fia (3333331313 3 3333133
Νὲ (131 133 ((1313 (11333333 33313333,
033133 (11 133 31311 ci 3133311333.

Sum X

1133331333( 01 3331333 13313 (1333
Ρ31331313333131 31( come par 3113 33133131
Su 3333, 3 (11131131, ((113 (1113333
S' armi ciascun veloce,·0 1 muri ascendo:
(111 presente (1 (1 3333133. Ε 331 3133333
La voce.- 03333 3311331113 133333 premia:
Ε333 11 3333133 ὁ 331, (3133 13 33133
cm 33113 orrida 331113 11 313131333133.

13 33313 333 3113 volte 31333113 13 considerare 13 3333331313
3333 3133 si (333113 3 (1333313333 333313 Poeta, 133 13 33311
333 ὁ (13 33333 3311311133 luogo 11 331113 (11333313 331333-
133313 3133333 13 33 13 13333 3113 3333113ς 3 1133333333ιὶ

(1·33333 33 (11 333111 3133 (13 1333331333311133, mi sento 3333- ⁷
wollar dane 3133. 033311 Τ31331333331 credo io ohe 31333 cosi
111133311 33333 sono appresso di noi icampanaj,e 3133 31333
messi 33113 13331 333 (133 33333 333 qualche 133 ((313 133133
(13113 33333313 3133 31 13333 intorno 3113 311113 3 33 3331 (1,
3131333 3333331 (11 ridere sentendo questo 333133 3331 333-

11333 13333131 01 3331 3313333 333313 (1333 3313313131( y

33333 3133133131 33 3333 3113 (111333, 3111331131 ; (133331 33333 33-
1333 3 33333313 1 33313311 33333313 b 11313133· 33333 131-
frmi, 1’ 33333 prendo, 3333 11 3131331331, 3133133 13 33133
3333 1333133 1131313 33113 orrida 33131131 son 333311 33333111
(13 33333 3331311 333133333131 3 13333 3133 333 3133333333

 

