1333333 3333331333( 33333. 23

333310 33113 3 33313 33331331 3113 13 3113113 11 1,133-
333 131131333313113 3333311313 13113 13333 313331333331
111 33113 3133331333 3113 13 1131333311 Μ3131313313133313-
31333 333133; 1331133 13 11313333 13113 3333311313 1313331133,
313111 semidiametro della terra, 1 3313113 33133. 13 331
3333331331333 33313 1 11 81 ἧς 13 11313333133333 11 Μ3-
13113133 131 333133 13333333313133313 1313113 81 ἷξε 3 333313
1333113 3113 331 1131331333 1333333333.

033 31313113313 333113 3113 3 113 31 3333 13113 113131·
13331333 13113 ’11111 3113113 333 333333333131333113333 3113
, 133133 3 31 33333, dico: 3113 333331331 (13 113313, come di·
33333 11333333131333133333 131 33333 esser di 3333111333-
133 33 3113113, 13 1333113333 11 333113 333313 3113 33313 133
1’ 3111333 1131313 3 11 33333 esser 1113313113, 333113131131-
lima bolgia 3, 3 1133113331313 1333113333 13113 3333133133
3113333311333333133311313331133 3113113 3 1, 33 1333333333
1313333111111 3313113 331 33331313 11 Μ313133133 1333331333.
33113 superficie 13113 13333 1313113 700, 1313111313313313 33-
133133 3113333333 333 333331311333 1333331333 3333311 Μ3-
33111 investigata 13 333313131 Ρ3313. Ε 3333111 31 111313-
313313131131333313113 3333311313 13113 13333 131 333133
33333 33333313 33113 3133331333 13113 11313333 11 Μ313133133
131 3131331333, 3 311311313333 3333333133313333313 313333-
1333 13 1333113333, 333113 3113 13 Μ31333133 333 1333113333
3331 1, 33113 333331131313113 13333 1333331331 1113 333 31 1
1333313 3113 3333313 13 mente 131 Poeta 11 semidiametro 131
333331313113 1, 3113 133333 33113 3333313313 13113 13333 133·
33313 1313113 111; 13 11313333 13311 33333 3 13111313131313
11 11 3113113, 3113 33113 superficie imporla miglia 13131·
11133 1331313 333 1333113333 1 ᾖ 3313113, 3113 33113 3333311313
31333313 3 3113113 20: 3133333313113 3133333311 3333113133
113 1113333333 3313113 1 1, 3 31333333 13113 33311 33113 33-
33311313 3333133331333 1313113 711; 3331333313 insieme 9 33113
71133313 3333 113133, 333 20 333 13 decima 1131313, 333

 

