9999999 ι’ (9999999 or 99999. 31

1919999 9119 911 9119191919 surge 999 99991 99991119-
metro, 9191999 9919119 11 1, 99 91199 grandissimo 99999

9191999919 191 Ρο919 19999919, 19 99191199991999191911191- ’ ’

1919119 11991 99119 (99991999 9119 11 999119 11 1191919199, 9191
9919119 1111, 91 19 9999991111 1 19 999119999199191199999199
1119919.
intorno 9119 9999991119 9 9199991999 11 questo 19999919
999999199991199919991 191 91919911, 9 91999191999 191
99911 11 9919119 1 9 (11 1999199999, 1919191 191191199991119199
11 199999999919119 17 {3 9 9999191 19919 1999999911 99991-
(119999199191 11999919, 9991 1911911 semidiametro 191 999-
91919191 91919911 9919119 35, 91191999 diametro miglio 70. Ι
599911999 991 99999 11 grado dei violenti 991 91191 gra-
11, 11 991999 1999911 99911999 19 911111111119,119991 9119999
91 9999, 9 19 991919 stigo, 91 o 199199919 9999 grado 191
91919911 9919119 70, quanto 9 999191 figurato 11 diametro
(191 ‘maggior girone. 11 19 991119 19 essi 91919911 91 superior
999191911919,9119 19919 199 11 1199999199 991 19919 (999919
999119 9999999111, 99199 919919 919991 1999191 fingo 11 roera
999 99919 99911991999999191 9199 99919919, 999 999 19119
’99911 999199 91 11999919. ’
1999919 grado, 9199 19991191999919199999 1 919-
1991111 11 1911919119 9919119 1811 19999999, 19119 quali 1
99 99999999 99911 traverso 19119 91119, 1 99919199919999
191199919119999919999,9 19 9199999911 9919119 11 99919
9199 91999 19 1999119999 19119 991919 stige 919911 19111 sosoi
9199999199 1919191 11 maggior diametro 9991 9919119 11111.
Surge poi intorno 9119 991919 999 9199; ma 999 99
9919919 ’99999 19 91199 991119 191 99991 9199 9199 (991 9919999
99919, 999 99191999 usar 19999 9999919 voco) 9 999999, 91
91191999 991999 9119 borso luogo, 919191 91999 19119 99-
1919, 9999111199991999919119 1116, 99119 999 superiore 91999·

991999 99 199 1109 91 119 991119 di 999919 99199919 9 scarpo
19919 9999919, 9199 9919919 11 liora 99999911991999 11 mi«

 

