1111111 11 v. 11111( 3111

legio, soorgendolo (11 1111 spirito 1 11 11111 11111111111111
1111111111 progresso 111 ordinario 11 1111111111 111111-
sione 11 1111111 1111111111 (11. 1111 11 11111111 1111111111
11 1111111 111 1111111111111111111111111111111, si pro-
111111 11111111 1111 111111111111 111 sorio 11111 propria
1111111111 11111 11111; 111 porcio 111111 1111 1111111 11111
111111 111111 11 prima 111111, 111111 per 11 1111111 111111
1111111111 11111 1111111 111111, 1111111111 11 (111111 111
11 ogni 1111111111111111. 1111111Ιί 1 11111111111111
1111111111 11111111, 11111111111 (111111111111 1111111
1111111111111111, 11 1111111111 materia, (11111111111111-
1111, 11111 1 111111, che 11111 propono.

11 (11111111111111 11111 ancora 11 1111111111 11 111·
11111111, 11111 (11111 1111111111 111 111111111111111-
1111111 1 111111111111 poi 1111111111111 11111 11111]

1111111111 ’ ’
Ι 11111 1111111111111 1111111111 11111111111111111,
111 11111111 11111111111111111,11 1111111111111111 1 11-
111111111, 11 1111111111111111111111111,1’1111111 11 progresso
1111111111111, 1111111111111 1111111, 11 1111 1111111111
minor 1111111111111 11 111 1111111111 1111111111.

111111 111 11111 1 1111 1111111111111111111111,111
11111111 11 1111311111111 111 11111111111111111111114
11111111111111111111111111111, 111 qual pervenno 1
11111 1111111111,1111 1111 11111 11111111 1 3111311111 111
111111 professori 11 1111111111 11 11111111111Ρ111,11111(11
11 1111 strumento 1111111111(Ι’1111111111,111111111υ
11111 gentilem 1 grazia 111 11111111 11 1111111111 padre:
1111 1111111111 (1111111 conservo 111111111111111111111
giomi.

111111111111 ancora 111 111 gran 1111111 1111 (1111-

111 Dice 11 6111111111, mo 11111111911 testimoniorum, 1111 1111111
1111111111 11111111111111111 11111 Iona, 1 ohe 1111 oe sone 1111111111
1111111111 (111 orando 1111111111 prmo 111 parvo 11111111 111 11111111.

Gamo Gmm. - Τ. XV. 11

 

