312 1111 01 0311130

(quando 30331111 10330 3000313131 1010) 003 030310 0 1333-
31011131101103031 30013010111010, 300311 300013 31 01011011
30110110031 3133310130310 13 00311311313001113110 30110113-
130010 1130010010 330110 10133110, 10 33311 11030111 311031313
3031301310 11010113131133 1311 0001110, 311 31 1031000 1111311-
0011111111; 0311013 inventii i Microseopj d' un 00010330 011110
concavo. e insieme 10300 11 3111 00010331, 3331103010311
3 3010301033 033011311000 10’1313131100013000011 10110133·
10110, 0 10113 mirabile 3113113111 10110 partie 1301111113 de·
· 311030111, 30113 3100010113 11130311 1000 commutarim·
vedere 13 3130110313 11 1110010 3113001030 0301331001110111
331313. 1013310, 303 3011003010 ne a 131011001333031,
31311313 00113 3011011000 101 311130 3110010010, 110110 111010-
300310 0 101331010310 1000111310 101 11311100, 0 003303311313
3 3130 30300, 1113013010 11 110111310 3110330111 10110111, 31
1110130 3 000101331031001 3111 nobili.

E 311013, rigum-dando ii 00130 133310, 10 3003013011
3030111010 10030310, 113100011 0311110 3103100310 a 33133
10113 Terra. 110111 0110 13 via 131103 0 10 0011111030 31110
300 01330 0110 303 congerie di 310110 iisse, 0110 301 13 1010
immensa 11313313, 0 30113 101 3100010133 11330110 31131119.
31 100101300 1133010011111111 3113 331003033110011313.11111
sparse 301· 10 01010 31110 innumerabili 310110 fisse 31313 111-
cognite 3113011011111ς 0 111013001031 3 Giove 003 31110 1111-
311010 3113310310 0110311 s’ 013 01101313ου10 310331310,103-
servi) 00110331310 113 3331110 310110 0110 311 31 33311330
10101οό 30101111 1010110133ιί 0 11311011, 000 103013113011011
31101 01011, 0 00330013310311 31111001011311111 10113 Sere·
31331133 Casa di V. Α, 11010 1010 30100 11 810110011311011
110110οἰ1 0 13110 questo 30030130 10 300111 3101111 101 mese
11 (1000310 101 111111 30000110 10 3111 1001330, 3 101 161111
1311100313, continuando 1311 033011331031301 1311011 Feb·
111310 3033033031ος 10 30311 131103131111031130131 130310
301 1110110 1101 31111 Ν111111113 sisterem, 1111 301 principio dei

 

